0 0
1 2
2 48
3 1038
4 22566
5 500144
6 11302300
7 259808162
8 6059911302
9 143106705832
10 3415464810740
11 82261175867836
12 1996968224422748
13 48814331115457152
14 1200510453148518008
15 29684382579284764554
16 737533120274835678406
17 18404002504346863223480
18 461038193771258119899396
19 11590369561301372122155844
20 292318442296339663378035572
21 7394246424278567881074178400
22 187544892323513994154127387400
23 4768671252015488419553039995284
24 121531278375140819893380120476316
25 3103873418752145587615754606347088
26 79429099964029224289278346643799816
27 2036367371642954497149591452865297400
28 52297439663444503057635635687988062968
29 1345254872972163426481572134406772733312
30 34656528756099113060551828276534805531120
31 894092191148793086465874172874226363631962
32 23097244631900148123402642367741907005415238
33 597428077504002498998504068496120655180981848
34 15471355115866162076708336858782861158519318948
35 401107220167732598145401742809773957299161723380
36 10410134049136089873868080061856799073666517757188
37 270453224859377877933258608577431890456343363922592
38 7033088138585615878485399402510817064752762382612072
39 183061771573890244406204047291934395672602533268605628
40 4769008168856759762360480262738111043927360461594753204
41 124342527017122519964103253579139353060411822367373133616
42 3244562450163178983052310835926160052435468646522745639960
43 84727054528058091287847488749990477170107735506175778413128
44 2214130908436757089995716087717676532940641942282467768699272
45 57901031142187233878181340634408820949881470506344632883964416
46 1515160211527626089456357207632132052659992202892515006268161680
47 39674209030852134477007843104524547351183005346431056898775035460
48 1039499702640723987199771232260028444709185869083132376003613921820
49 27251875501507760248655518038708144470597986255033328729283351623472
50 714849340415395745404312438397877126874075437789206383452457986223848
51 18761582274464516088669755722235775172307990858699867099769526283261352
52 492665844087444935593923660815938214406493906800542680270936673409015304
53 12943603717690482217512458671116532558447264964800103470937614532141158592
54 340227863819880911256867555719935938484278153894158908140416567563807928400
55 8947238868770286388972796732921760131916288025135299603610319226604128911976
